Case #1: 
11010110110000110111110111101101 3 5 3 3 41 3 3 19 3 
11000011111101011110000110111011 3 2 5 2 5 2 3 2 11 
10110000110101110101101011111111 29 11 3 61 17 3 7 139 3 
11001011111101101010101001101011 3 2 1792759 2 5 2 3 2 61 
11011110001100101110100100011101 3 2 3 2 7 2 3 2 3 
11000111001101111111010011110011 3 47 3 3 460589 3 3 227 3 
10100010001100001111100001010111 5 13 3 11 5 3 67 7 3 
10101011101101001010100011001101 23 13 5 367 677 277 43 5 19 
11010001011000010110011001000111 7 109 3 13 5 3 11 5 3 
11100110101111111011110010000111 3 37 3 3 253937 3 3 7057 3 
11001001111110101010100010000011 3 2 19 2 23 2 3 2 1051 
10101000001111001000111000101101 5 19 3 307 5 3 10499 5 3 
11001111001000010110010001101011 3 2 5 2 7 2 3 2 11 
11000101100001101000111110001101 3 2 5 2 7 2 3 2 11 
10111001110101110101110100100001 71 2 3 2 41 2 5 2 3 
11011111111111100110000000100011 9491 5 14323 11 479 359 5 53 4980127 
10001110000011010011000001011101 353 2 11 2 79 2 7 2 19 
10100011111010110011000101011101 3 2 3 2 7 2 3 2 3 
10010111000011100110000110000011 3 2 5 2 7 2 3 2 11 
10011011000011000010000110110011 7 2 11 2 11 2 7 2 7 
11000001100000110111000011101111 3 2 5 2 7 2 3 2 11 
10000110100111110110100111100011 5 2 3 2 37 2 5 2 3 
11111011111100111000010000100011 191 2 3 2 11329 2 18089 2 3 
10100001111101010000000010011011 3 2 5 2 7 2 3 2 11 
10011010000011010100111001111001 3 2 5 2 7 2 3 2 11 
11011000000111011111111001010101 19 13 5 79 3433 613 17 5 479 
11100011000010000110011110101001 3 263 3 3 5 3 3 1144823 3 
11010001100100000011101000010011 5 5 37 449 41 5 5 1031 43 
11000001101100000000111111100101 227 167 3 7 5 3 7765987 103 3 
10101101111000010110110110011001 3 2 3 2 7 2 3 2 3 
11001001110001110011010110001001 5 2 13 2 1069 2 139 2 89 
10100101110000001110100100101011 3 71 3 3 5 3 3 67 3 
10111001010110001000110111010101 3 7 11 3 31 43 3 73 7 
11000001100101111011011011101011 29 107 127 29 13 19 2033719 3733 67 
10110000110000010011010100010011 3 19 11 3 1601 41 3 101 59 
10000000100101011100001011110111 7 13 3 31 5 3 17 7 3 
10001100100100110000010100100011 3 2 3 2 7 2 3 2 3 
11110001110010001100101001000101 211 7 3 11 5 3 13 79 3 
11010011100110001000111011110101 3 2 3 2 7 2 3 2 3 
11001100001011111010010010010101 3 2 5 2 7 2 3 2 11 
10000101110100100011101100111111 3 2 3 2 7 2 3 2 3 
11001100110110100000000101011011 7 13 3 31 5 3 11 7 3 
10000111010011110001010100111111 13 2 3 2 89 2 321163 2 3 
10111000001001111101101100100111 4289 2 3 2 127 2 41 2 3 
11001110101101011110100110110011 17 2 181 2 5 2 191 2 13 
11101100110100110010011110000001 3 2 5 2 7 2 3 2 7 
11101110010111001110010110100111 3 2 5 2 5 2 3 2 11 
11100110010000110110101010011011 3 5 19 3 10099 199 3 13 41 
10010100111101000101110100000011 983 231031 3 503 5 3 233 5 3 
11100100100001010001001100011001 3 47 31 3 19 5 3 7 269 
10110111010010011010011101111001 17 5 11 229 263 67 5 92987 924281 
11000110010101011100000011100001 5 2 11 2 163 2 7 2 10463 
11111001000011010011010111010001 29 1201 5 23 389 229 13 5 276781 
11100111111011000101100111011101 3 43 3 3 11 3 3 29 3 
10100001001000011000110101010001 11 2 3 2 19 2 5 2 3 
11100100010100010101101011100111 3 19 23 3 29 5 3 31973 131 
11010001001011111111100011100001 3 2 3 2 7 2 3 2 3 
11011000011000111100010001000001 3 5 43 3 13 499 3 2377 2699 
11011010101011111111110001101001 3 113 3 3 149 3 3 11 3 
11000111111001101000111101111001 3 2 5 2 5 2 3 2 11 
10111010001101111001101000011011 11 2 3 2 145777 2 13 2 3 
10101000001100110110100010000001 31 2 3 2 151 2 587 2 3 
11010110001011110111101111010101 3 397 3 3 41 3 3 113 3 
10100010000010110000010111011011 47 2 41 2 17 2 7 2 431 
11111011101100111001011110110101 3 2 5 2 7 2 3 2 11 
10101111010110011101011111010001 11 2 7 2 5 2 83 2 7 
11100110111110011000010010000101 3 2 5 2 7 2 3 2 11 
10101100111100010011011100101011 7 2 3 2 19 2 43 2 3 
11100010011100010011101001010111 67 11 7 7 199 13 23 11 10939 
11111110111101000011110100111011 3 2 5 2 7 2 3 2 11 
11100101001101110111011100000101 3 2 3 2 11 2 3 2 3 
11000101100111111110000100010011 3 223 83 3 13 5 3 83 317 
10110001011011101111110011000001 3 2 3 2 7 2 3 2 3 
11010001001101001011011000111111 15493 2 3 2 1901 2 4969 2 3 
10001000110100111000100111010001 3 2 5 2 7 2 3 2 11 
10000011101111111100001000111001 3 7 13 3 31 43 3 31 7 
10100111101001101110000010010001 3 13 3 3 5 3 3 7 3 
11101010111011111111000101110001 13513 353 3 773 397 3 7 753979 3 
11010010110111111101001000011001 61 2 3 2 17 2 41 2 3 
11000111100001010110100001110001 3 13 3 3 5 3 3 7 3 
10100100101000000110000011100001 3 1697 10271 3 11 5 3 96479 73 
10001010001100101110000000101111 3 2 257 2 1297 2 3 2 17 
10000011000100101000011101101011 17 2 53 2 17 2 7 2 1487 
10010011111101100011001101000011 7 5 31 383 6563 47 5 7 953 
11001110011011000111100100111001 3 2 3 2 7 2 3 2 3 
11001000001011000110100101110001 3 2 5 2 7 2 3 2 11 
11110110000001010101101100111011 7 2 3 2 43 2 73 2 3 
10010000010001111100111011011011 5 19 23 7 59669 5 714113 617 43 
10010010110001110111110110101001 3 2 3 2 7 2 3 2 3 
11110001100010101101100110000011 43457 2 163 2 659 2 1609 2 10771 
10101111001111111111111110000111 7 2 3 2 29 2 73 2 3 
10100000001010110110110110010011 3 5 3 3 5 3 3 257 3 
10111011101011101111010101100101 601 53 3 11 23 3 7 29 3 
11010100110111000110101010001111 3 2 3 2 7 2 3 2 3 
11110001011011010011010010011001 3 2069 140191 3 13 5 3 13 967 
10100111111111111110011000011011 7 2 43 2 365369 2 149 2 307 
11100000110101010110111100011111 3 7 13 3 31 43 3 73 7 
10111110111001010010010000000101 5 11 3 17 5 3 23 47 3 
10011011111001011000011010111101 193 5 13 10333 29 251 5 131 17 
10100111011010111000000101101111 7 2 3 2 43 2 73 2 3 
11001001010101101111100011110101 3 7 20389 3 19 5 3 7 7 
10110110101001100000101111010111 1249 2 3 2 24517 2 157 2 3 
11010011011000011111011111000001 17 2 3 2 179 2 1423 2 3 
11111100010000111101001100111111 37 2 113 2 5 2 47 2 67 
11100011011000111100001010110011 3 1181 7 3 422353 11 3 12007 137 
11101001010100111100100011101101 3 2 3 2 7 2 3 2 3 
10001110110101100000111000110101 3 2 5 2 7 2 3 2 11 
11000101001010111111111111100011 173 23 3 353 17 3 7 1013 3 
11101111110010000101110011000011 3 2 3 2 7 2 3 2 3 
11010111011110000111000111001001 11 2 3 2 1433 2 29 2 3 
11000111110110110010111011110011 7 11 3 29 3701 3 7 7 3 
10011111011111011100110010010001 3 163901 8707 3 23 13 3 11 19 
11010111010111010111111001110001 523 149 3 23 7 3 7 29 3 
10010001011100100011110011101111 3 2 3 2 7 2 3 2 3 
11110110010001001101110100000111 131 7 5 17 1102201 26711 137 5 7 
10111010101011110001000111111011 17 2 7 2 5 2 17 2 31 
11001111111001111001110110111111 3 2 3 2 7 2 3 2 3 
10010001101101010111110010000011 7 2 17293 2 23 2 5 2 13 
10110110111101010111111000110001 7 2 571 2 5 2 5 2 7 
11101101101111101000010100011001 3 2 3 2 7 2 3 2 3 
10011010111110101010111010100011 3 7 13 3 31 29 3 11 7 
10011010001010110010000111111111 5 2 3 2 13 2 11 2 3 
11111100100010011000110110001111 571 2 3 2 149 2 191 2 3 
10010100101111011110111000111101 3 2 5 2 5 2 3 2 11 
10000000110101011111000110101001 7 11 3 13 5 3 17 7 3 
11110100100110001100001000000001 3 2 3 2 7 2 3 2 3 
10100010001010111100101000110101 5 7321 3 1223 5 3 967 5 3 
10111000011110010111010100001101 3 347 29 3 59 5 3 105107 17 
10000110000001001110001010110111 439 2 4567 2 23 2 7 2 5052491 
10001100010101011000110101000111 7 13 3 31 5 3 13 5 3 
10010101110101111100010101001011 3 2 3 2 19 2 3 2 3 
10001100100100110000000011000111 3 2 3 2 7 2 3 2 3 
10100001000010010001011011001111 3 2 5 2 7 2 3 2 11 
10111111111001101111100001000001 7 31 11 113 137 7833043 11 7 1409 
11011011001100011110000011100111 3 2 3 2 7 2 3 2 3 
10101110110100000011010110001011 83 2 7 2 67 2 409 2 13 
10110000111001110100000000010111 7 2 47 2 47 2 7 2 7 
11000101011000110011010101111101 3 2 3 2 17 2 3 2 3 
10010101000111101101100011001001 7 2 43 2 11 2 13 2 19 
10110000101001010011010110100001 3 2 5 2 7 2 3 2 11 
10110000100111011011010000100111 3 2 5 2 7 2 3 2 11 
11111101111000101000010010000101 3 2 5 2 7 2 3 2 11 
11001110101011111111100001101111 5 2 277 2 587 2 217577 2 907 
11101110111101000101111001101101 5 5 3 23 3931 3 5 7 3 
11111111001110100000000010100001 3 5 3 3 5 3 3 7 3 
10100010001000111101001100011101 113 7 3 13 5 3 23 19 3 
11100001001101101011000111101101 3 2 3 2 7 2 3 2 3 
10011010110101001111011011110111 11 1712149 3 17 373 3 7 354461 3 
10001011001001111001101010101001 3 2 53 2 349 2 3 2 1069 
11000010010000000011011101010001 7 2 3 2 59 2 409 2 3 
11100001010111110010001111101111 3 2 5 2 5 2 3 2 11 
11011101010101000011111011110111 61 49123 3 593 1273021 3 7 5 3 
11001110010110110110111000110001 3 2 3 2 7 2 3 2 3 
10100011011100111010101111111101 3 7 3 3 31 3 3 7 3 
10010111111111111011110001101001 3 2 5 2 7 2 3 2 11 
10110111111100001011000111110001 37 17 2383 7 11 277 107 47 151 
11110100010101001010101110011001 199 5 6053 47 13 163 5 19 443 
11011101101101111010000110101111 5 317 3 7 67 3 7 229 3 
10101000010100111010101011001001 11317 5 3 19 5 3 5 5 3 
11101011110010101111010011001001 3 7 11 3 13 23 3 113 7 
11010110111000110111000001001001 13 2 11 2 23 2 263 2 197 
11100001110010001101100101101001 3 2 5 2 7 2 3 2 11 
10111100011100111110001110111111 9049 2 2731 2 89 2 71 2 7 
10011110010100010110111000110111 7213 2 3 2 241 2 11 2 3 
10001010011000001100111110010001 43 2 7 2 19 2 7 2 5581 
11100001111100001101110010010001 5 2 67 2 61 2 8087 2 17 
11110000110111101001010010111111 3 2 5 2 5 2 3 2 11 
10110011110110010010001110010011 17 7 19 137 23 167 1129 397 7 
10000010111110111110010011010101 3 2 3 2 7 2 3 2 3 
10010010010010100111001000110011 5 2 67 2 113 2 7 2 23 
11011111011001110000000111000111 11 2 3 2 479 2 11 2 3 
10111011111110011101010110110001 29 109 3 71 13 3 7 43 3 
10001110011011111100011000101001 3 11 313 3 47 167 3 7 631 
10010000001100010100010100001101 5 1069 5 53 19 5 251 5 191 
10000110100010111110010001001011 3 5 3 3 5 3 3 23 3 
11110011001000000101000011011011 47 5 3 97 5 3 5 47 3 
11100010000000000010001011000111 3 71 7 3 17 101 3 89 13 
10111010111000111000100111010001 3 11 11273 3 1552237 349 3 223 9721 
11101111001100001111010111011101 3 29 3 3 17 3 3 25667 3 
11100101000101111111100011101011 3 2 5 2 5 2 3 2 11 
10100101100110111010010111100101 3 2 3 2 7 2 3 2 3 
10000101001000000001000100010101 13 47657 3 7 25121 3 17 5 3 
10110110011100010000101011001101 3 2 5 2 7 2 3 2 11 
11001010001110000100001011111001 3 109 3 3 5 3 3 53 3 
10000001110100001110001001100001 3 2 3 2 7 2 3 2 3 
10100010010100101010101110110111 11 5003 5 29 41 79 13 5 2818147 
10111110010011111101010001001101 3 7 13 3 13 43 3 73 7 
11100101000100101011011101111111 41 2 7 2 5 2 5 2 7 
10001001011110110101010010110101 3 7 13 3 31 5 3 73 7 
10001111110110011110111000111101 11 7 3 23 11 3 7 11 3 
11110001000011000100011101110101 3 2 19 2 352327 2 3 2 29 
10100010010010110010111001100001 5 2 19 2 13 2 7 2 19 
10110001000110110000000111011101 3 29 3 3 5 3 3 179 3 
11100111100001111110001000101111 3 71 31 3 19 59 3 34351 9281 
11000100110001011111101111011011 7 2 557 2 5 2 5 2 7 
10010100110111100001101010110111 3 2 3 2 7 2 3 2 3 
11100000100011010000111111000101 7 13 3 17 5 3 13 7 3 
10010010000001011011010110000001 9463 2 3 2 17 2 5 2 3 
11010110101011100100101111010001 3 2 3 2 7 2 3 2 3 
10011000110010010000010001011101 3 5 43 3 41 5 3 179 17 
11101011010000110101001100100101 17417 2 11003 2 36787 2 5 2 1153 
10110011111011011010101100111101 3 29 3 3 89 3 3 5076037 3 
11010100110101110111001110111101 17 52153 3 71 443 3 7 5 3 
11110100011001001010110011001001 3 2 5 2 7 2 3 2 11 
11010110111111001011001101001011 3 2 5 2 5 2 3 2 7 
10010011100110001100100101010101 3 389 3 3 5 3 3 23 3 
11100011101101011100100000110011 1567 5 13 1069 2553659 41 5 11 2478713 
11110011100100110000111010011101 3 2 3 2 7 2 3 2 3 
11100100001000100001100011100101 5 13 199 47 73 5 59 918787 23 
10011110010110011101010111101001 3 11 131 3 17 13 3 7 83 
11011001011010001011001111000111 3 2 3 2 7 2 3 2 3 
11110010010011110100101101110001 31 2 3 2 17 2 11 2 3 
11000110011001011101011110000111 33071 2 3 2 61 2 5 2 3 
11001010010000011001010101100011 5 2 17 2 37 2 5 2 101 
10101011101000101011000010111001 257 2 7 2 17 2 61 2 7 
11110010001110111101110010010101 5 757 7 3167 101 5 5586871 17 313 
10001100000001101110110001011001 3 2 5 2 7 2 3 2 7 
10110001000001001100100000001001 3 2 5 2 5 2 3 2 11 
10010001100011111001111010011111 5 4192607 5897 7 17 5 71 13 11519 
11010011111111111101101111101011 5 347 7 683 5 5 157 127 13 
11010100110110101100001010001101 3 2 5 2 7 2 3 2 11 
10011010010101111111000100111111 5 2 1298291 2 5 2 23 2 19 
10000011111000101010011000010111 3 7 3 3 5 3 3 73 3 
11000001000110111101101111000001 7 2 19 2 67 2 163 2 29 
10011100100011101010111110101111 3 2 451679 2 5 2 3 2 137 
10000110001001110011011100100011 11 7 3 157 5 3 117517 427447 3 
11111100001001100011110100111001 3 2 3 2 7 2 3 2 3 
10111010101110000010000000011111 1493 7 3 19 5 3 11 5 3 
10001010011010011100101101001111 3 7 1087 3 251 5 3 7 7 
10100010000010011001000011011111 19 2 13 2 11 2 7 2 1889 
10011100000000100101101010010001 3 2 3 2 7 2 3 2 3 
11100000010010111010011001010001 3 2 5 2 7 2 3 2 11 
10001010011000011000101010011101 5 2 1117 2 1949791 2 7 2 23 
10101001100100111110010111001101 3 2 3 2 7 2 3 2 3 
11101100001100000101010011111111 13 2 3 2 13 2 2671 2 3 
10111010001011110010110010101011 1709 2 3 2 701 2 11 2 3 
10100101110101100110000100101011 3 2 5 2 7 2 3 2 11 
11110111000100000101001100001001 5 2 7 2 13 2 7 2 13 
10001001100111011000010000111001 3 2 5 2 7 2 3 2 11 
10000010101111101001000011111011 5 307 5 49279 743 5 19 5 2039 
10000011011110000100111100101101 3 2 5 2 7 2 3 2 11 
11110101100010101100001000000101 3 2 5 2 7 2 3 2 11 
11110011100011110010101110101011 3 2 19 2 5 2 3 2 31 
11011110010001100100011110110001 3 7 13 3 31 5 3 73 7 
11100101001011101010001100100001 3 23 3 3 5 3 3 17 3 
10111101000110001101000010000111 7 13 3 7 5 3 23 7 3 
11111010011101010110000000100101 5 2 29 2 17 2 1087 2 156799 
10110011000111010001000100001101 17 2 11 2 48571 2 7 2 97 
10100111010001011101101111110101 5 2 11 2 5 2 5 2 101 
11011001010111101101101111100111 7 2 31 2 141509 2 5231 2 1368373 
11010011100011101011111000110101 29 7 11 11 1931 17 157 29 7 
11101000000000100110101100111111 11 2 7 2 4540007 2 11 2 293 
10011100010010011000001001110011 3 2 5 2 7 2 3 2 11 
11111011101000001000100010001001 3 2 307 2 107 2 3 2 19 
10001010010111000000001101111001 3 2 5 2 7 2 3 2 11 
11110110011101010010011001011001 5 2 3 2 47 2 11 2 3 
11111010100111111011000111010111 3 2 5 2 7 2 3 2 11 
10111110000000100101110100111011 13 5 7 1801 11 17 5 17 1367 
11101100100101111101000100100111 5 2 3 2 13 2 5 2 3 
11111010111010011100110111111001 7 2 19 2 17 2 239 2 243421 
10111011110001100001100001000011 17 19 3 7 5 3 571 47 3 
11000011111110111001110100100001 3 2 3 2 7 2 3 2 3 
11101001110111111011011111001001 3 2 5 2 7 2 3 2 11 
11011001011110010001100001110101 7 5171 5 7 331 301319 13 5 401 
10101010000110000101100111011101 3 2 5 2 7 2 3 2 7 
10111010000100101010111001110001 11 2 11 2 127 2 139 2 7 
11000001000000110000010110000101 647 2 23 2 5 2 101 2 23 
11001000110101000001111100011111 3 7 13 3 31 43 3 43 7 
10111100111001010100100111000111 89 2 3 2 19 2 223 2 3 
10010111010001111100011001000011 1723 2 2539 2 11 2 6871 2 67 
11001100100101110011110011000111 7 2 3 2 43 2 73 2 3 
10000100111001001110010100001011 3 2 5 2 7 2 3 2 11 
10000100010101101001101111101111 3 2 3 2 7 2 3 2 3 
11111010000011001100011010001101 953 2 383 2 109 2 1627 2 7 
10100011101000011010011000101101 5 29 3 47 5 3 97 5 3 
10110110111111000111001011001111 5 9999317 3 29 23 3 7 11 3 
10110110101100110110100000111001 3 14621 29 3 89 19 3 79693 1709 
10011011010101101011110001101111 3 2 5 2 5 2 3 2 11 
10111001010000010010100011001011 17 2 644159 2 11 2 7 2 7 
11010011101111011001011110101111 3 2 5 2 7 2 3 2 11 
11010010010001001100001110010111 3 37 3 3 5 3 3 443 3 
11111101110111000000110111111101 61 2 2927 2 641 2 23 2 7 
11100001110111000110100000100001 3 2 5 2 7 2 3 2 11 
10110101000110100001001010011001 3 2 5 2 7 2 3 2 11 
11010000010011111110011000111101 17 2 3 2 19 2 17 2 3 
10010110101100010110001010011011 5 2 15859 2 23 2 1103 2 41 
11100010101101101111110001000101 3 2 3 2 7 2 3 2 3 
11100010000111110000110100011011 3 2 5 2 7 2 3 2 11 
11100101101101000010100111001001 3 2 5 2 7 2 3 2 11 
11011010000000100000011100001111 11 47237 97 11 6869 3613 1907 317 6551 
11001001101010001000001100101001 17053 79 5 13 13 4787 379 5 19 
11010001101111111110000100000001 13 2 79 2 3373 2 5 2 7 
11111110000010010111000000000111 11 37 3 61 5 3 71 20117 3 
10001101000111110010110000001101 7 13 3 31 5 3 11 7 3 
10110010101100000110011110101101 3 11 7 3 11 5 3 1231 794041 
10001011011000000100110001111001 3 2 5 2 7 2 3 2 11 
10100111001000110110110100100011 79 2 37 2 219977 2 11 2 19 
11100111110100111111001110110111 37 19 7 211 23 71 13 1877 41 
11011000110110011110010110111001 11 17 5451289 283 306883 13 3888761 11 267277 
11101111011000001001000110101011 3 10949 661 3 11 4057 3 13 659 
11011000010010110000100001100001 3 2 3 2 7 2 3 2 3 
11001011101111010000111111111101 3 2 5 2 7 2 3 2 11 
10100101110111100111110000111111 107 41 3 10709 10729 3 7 89 3 
10001000010001011101001101100011 5 2 17 2 37 2 5 2 19 
10000111111011011011010110010011 5 619 13 17 13 5 1723 11 29 
10110001111001011010110011010011 3 2 3 2 7 2 3 2 3 
10010010001111110101010011001101 3 29 7 3 757 11 3 29 1049 
10110010010100011001010111011011 3 7 13 3 31 43 3 7 7 
10001011100101011111000110111111 3 2 5 2 5 2 3 2 7 
10111100101101011101001001010111 3 29 118891 3 89 907 3 7 53 
11001100111111011101011101011111 11 43 5 11 103 419051 13 5 13 
11000110111110010000011110101111 13 2186287 7 17 11 462713 151 1129 241 
11011101000010001111101011100111 5 109 7 37 31 5 23593 19 307 
10101011000011100010001000000011 3 2 3 2 3259 2 3 2 3 
11111011010011111000110100011101 5 2 7 2 5 2 23 2 7 
10111101010110111011000100010101 29 2 3 2 1789 2 1861 2 3 
10110000010011001000110111101001 3089 457 3 7 5 3 139 17 3 
11101011000011010101101001000011 3 2 5 2 7 2 3 2 11 
11000010101110010101010100011111 3 4597427 43 3 19 5 3 1367 19 
10111010011010110100110011111101 19 2 19 2 5 2 17 2 17 
10011011010000110010001001011111 3 2 5 2 7 2 3 2 7 
10110111100100011110111011011111 3 2 5 2 7 2 3 2 11 
10110010000101011111100000001011 23 7 3 83 5 3 133571 11 3 
10011001110100011000110111011111 3 5 1231 3 509 89 3 7 23 
10101001010110111000101110100001 5 2 29 2 53 2 7263337 2 29 
10010111001011101110001110101111 251 2 137 2 5 2 17 2 2423969 
10011000010010111011000100101111 7 2 1744103 2 13 2 5 2 103 
10111100000100111010111101000111 3 2 3 2 7 2 3 2 3 
11111001011010011101011011111101 7 2 239 2 20357 2 442781 2 392267 
11011100101110111101110011011111 5 5 19 19 11 5 5 13171 199 
11101110111001100101111111001001 37 241 3 41 23 3 7 2861 3 
11111111010010000011011000110011 3 2 3 2 7 2 3 2 3 
11010111111110001110000111000001 17623 2 3 2 373 2 149 2 3 
11100110111001010001011000001101 139 2 7 2 11 2 5 2 43 
10010010111101000100111000000001 19 3329 6719 9787 1097 1553 43 151 23 
11111000000000001000000101100111 3 2 3 2 7 2 3 2 3 
11011001101110010011101001101101 15467 23 10861 1747 17 71 13 11 941 
11110100001110011000111100101101 3 2 3 2 7 2 3 2 3 
11100110100010111011111001110111 3 5 3 3 79 3 3 23 3 
11101011110111001000101111101101 3 47 3 3 83 3 3 1619 3 
11111011010000000100000011001011 3 2 5 2 7 2 3 2 11 
10101001111000110111101100011111 5 2 179 2 5 2 173 2 857 
10110101000011001001000011001111 17 7 3 27983 5 3 23 989353 3 
11010011110110011000111001100011 3 2 3 2 7 2 3 2 3 
11000101010000101111100110100011 3 2 5 2 7 2 3 2 11 
10011010010001001000000100000111 1367 7 7 8017 19 29 22853 17 7 
10110101000010001000011001101101 3 2 5 2 7 2 3 2 7 
11101110100111111111010000001101 3 2 5 2 5 2 3 2 11 
10101011000101111111101010110101 5 2 101 2 5 2 14447 2 443 
10011111000101010011000000010111 137 19 3 54787 5 3 43 5 3 
11001001001101100011101101011011 3 2 3 2 7 2 3 2 3 
10011011111110110111100110010001 3 2 5 2 5 2 3 2 11 
11101100000011010110100000110001 3 2 5 2 7 2 3 2 11 
10010010111100111111001011100001 157 2 3 2 211 2 15787 2 3 
11001111000010111110010110100111 3331 2459 7 17 4099 23 191 11867 55763 
11001010001100110000110100111101 3 2 5 2 7 2 3 2 11 
11100011010110011011010110000101 3 13 641981 3 13 5 3 29 1789 
10111100101011011101011111101101 3 2 5 2 7 2 3 2 11 
10101100001110011110100001010001 7 5 3 31 5 3 5 7 3 
11011100001000100011000011111101 3 2 5 2 7 2 3 2 11 
11111000110001110000110001100001 7 5 3 29 5 3 5 7 3 
11110111001110000001100000010111 5 2 11 2 19 2 2309 2 2591 
11110011010001101000000110010001 113 2 7 2 59 2 7 2 757 
11011100101001100110110011011001 3 2 3 2 7 2 3 2 3 
11000111010001000010101101001001 23 2 11 2 23 2 7 2 29 
11001000010100110001101110111001 3 2 5 2 7 2 3 2 11 
10011111001111001111000110100101 5 7 22093 257 11 5 50741 439 7 
11101010111010010101010011001101 3 2 3 2 7 2 3 2 3 
11110001100011010111101011111111 3 2 5 2 7 2 3 2 11 
10101110011011001100110110011111 17 2 223 2 5 2 569 2 499 
10011100111011010000010101010111 5 13 5 7883 563 5 6608573 5 19 
10101001010110001010111011101101 13 2 3 2 263 2 5 2 3 
10100110001000010101011000011111 31 139 3 7 5 3 11 149 3 
11110000001111110101010111011101 3 2 11 2 5 2 3 2 41 
10111110101001111011101111001101 7 2 89 2 11 2 997 2 31 
10110100100101011110000011101101 5 12413 149 113 137 5 17 523 71 
10000010010010000010001100010101 3 2 5 2 5 2 3 2 11 
10011001110001011001001110010111 3 5 13 3 31 11 3 73 7 
11011000111110010101000010110101 3 7 13 3 19 43 3 73 7 
11010111101101110000011001110101 5527 11 5 7 13 571 46183 5 19 
11101100111001001000100001101011 19 2 2251 2 2079461 2 5 2 59 
11111111000101000111011111110101 3 2 307 2 4219 2 3 2 6143 
10101000000001100000110010110011 5 2 3 2 37 2 5 2 3 
10111000011111011000001000001101 13 5 3 11 5 3 5 11 3 
11110100111000010010001011010111 53 5 11 17 17 28921 5 1051 3457 
10100101010001001011000010110101 5 2 17 2 37 2 5 2 13 
10111110111011011100011000001011 3 5 103 3 173 814003 3 13 251 
10011111001101010000011011001111 5 2 3 2 37 2 5 2 3 
10101001011100100101111101011011 7 5 347 37 53411 149 5 7 1699 
10111001010110111100110000000011 3 2 5 2 7 2 3 2 11 
10101110110110100001110001101101 11 2 3 2 11 2 139 2 3 
11111110010101000100001110011111 3 29 3929 3 47 491 3 17 226103 
11010110101010111111101011000011 5 2 7 2 5 2 5 2 41 
11000111010100101000100000101011 5 2 11 2 37 2 5 2 101 
10011011111000010000000100001111 3 2 5 2 7 2 3 2 11 
10110001100000110000001000000001 7 13 3 31 11 3 29 7 3 
11010001001110000011110001100101 3 7 3 3 5 3 3 19 3 
11111101011110100010110100010101 3 7 13 3 31 43 3 73 7 
10101100100110101101111100011101 17 7 461 11 41 19 59 47 7 
11101011011010101100100011101001 3 2 3 2 59 2 3 2 3 
10001000101010001100011110100011 3 2 347 2 487 2 3 2 71 
10000001010010101001010000011011 3 2 3 2 7 2 3 2 3 
10110011000001101011001011001001 3 5 3 3 5 3 3 191 3 
10010100011111001110010000101011 3 2 5 2 7 2 3 2 11 
10101110111010101111001010011111 11 29 3 2707 7 3 7 59 3 
10010010101100011101100010010001 3 2 5 2 7 2 3 2 7 
11010000101101000010101010111101 89 2 11 2 157 2 29 2 53 
10010001000000010001101110000111 23 2 3 2 47 2 107 2 3 
10101100000010111111100111111101 5 2 37 2 5 2 89 2 17 
11110111011100111111100110001001 7 11 3 31 43 3 7 7 3 
11010110010011001110011110101111 3 2 5 2 5 2 3 2 11 
10010010000101010101110011010111 3 2 19 2 13 2 3 2 157 
10011011000001111110000100110001 11 454063 3 29 5 3 17 2459 3 
11100001010101011101001010000011 3 659 3 3 5 3 3 11 3 
11001110000001010100001011001011 3 2 5 2 7 2 3 2 7 
11100010101101110010010011001111 6857 2 3 2 11 2 19 2 3 
11000110101101110010110110100101 3 2 3 2 7 2 3 2 3 
11100001111110001000110010101101 3 37 17 3 101 31 3 11 12011 
11100001000001111110010100011011 883 2 2557 2 10729 2 173 2 2239 
11100110010101010100011101001011 223 691 5 7 701 39847 13 5 17 
10110101100000010101001011101011 3 2 5 2 7 2 3 2 11 
10101001101000101111111010111101 3 2 7 2 5 2 3 2 1961653 
11111100100011100110011110001001 7 2 3 2 43 2 73 2 3 
11010100110001111110000110110011 5 2 3 2 37 2 5 2 3 
11110011001101000101110000010001 197 5 3 85331 5 3 5 5 3 
11001000011110010100001011100001 3 2 5 2 7 2 3 2 11 
10100010000000110001010111111101 7229 5 3 23 5 3 5 59 3 
11101110110110111001100011111011 5 2 13 2 613 2 53 2 61 
10011110011100101001001101110111 11 101 983 7 79 13 13 132247 1171 
10001001010111101110001101100001 3 2 5 2 7 2 3 2 11 
10100001000101010111000001101011 13 2 73 2 17 2 7 2 331 
10101001100110110010001001100011 7 13 3 13 5 3 73 5 3 
10000100010001001010101011111001 7 2 61007 2 19 2 7 2 317 
11001101110101100011101100000111 5 2 3 2 37 2 5 2 3 
11110001010101111011111010011101 3 19 3 3 4133 3 3 19 3 
11111100000010000000001000001011 3 8378039 23 3 11 193 3 7 31 
10110011111000011110111111110101 3 2 5 2 7 2 3 2 11 
11000000101100110100101111000101 3709 2243 3 5420293 5 3 29 431 3 
11110111111110000001110011101001 3 2 5 2 5 2 3 2 11 
10001111011011100010000101110001 3 2 5 2 7 2 3 2 11 
10110001000001011101111010001001 13 29 3 13 5 3 83 37 3 
11101001100011010111111011110111 3 2 5 2 7 2 3 2 11 
10100101010101010010011101100101 3 2 11 2 13 2 3 2 223 
10001010111000101011110000011011 3 2 10337 2 6287 2 3 2 106261 
11111110011011111111111111110111 3 2 5 2 7 2 3 2 11 
11110010101010000100011000010101 3 2 5 2 7 2 3 2 7 
11010110001110100000000111001101 7 13 3 7 5 3 43 7 3 
11110100110100000011111110101011 43 11 73 41 1553 191 101879 109 424397 
10101011100001011011100111010111 10103 23 11 7 13 283 11 181 73 
11010001100110001000101011111001 17 2 7 2 11 2 743 2 7 
10010011011001111110111111001001 3 2 5 2 5 2 3 2 7 
11111010001001101111110101100001 7 5 13 299861 17 41113 5 7 19 
11000011110011110001101011000101 5 7 19 7 17 5 2503 7 7 
10100100110101000000111010000001 3 2 3 2 7 2 3 2 3 
10110110011111101101010111111001 5 2 17 2 37 2 5 2 19 
11100100100001111011001000111111 9041 2 3 2 24533 2 727 2 3 
11100111011111111110001000011011 11 11 3 7 59 3 7 1371683 3 
11100101110100000101100100001011 3 5 3 3 5 3 3 3433 3 
11011001001101100100001010001101 311 7 3 193 5 3 3769 1889539 3 
11010011001001010011010110101111 7 2 3 2 79 2 28001 2 3 
10011011010100000111011110001111 23 2 3 2 67 2 71 2 3 
11011000011111111100110000000001 47 2 36697 2 114661 2 5 2 41 
10110000110100110110010111101111 53 37 197 53 26713 79 29 17 71 
11010101110101110100110110111011 21529 5 3 7 10559 3 5 5 3 
11001101010100000011000010001111 7 2 257 2 157 2 7 2 29 
10100111110100101001001100110001 3 2 5 2 7 2 3 2 11 
10010010101000101111101101110101 11 2 3 2 11 2 647 2 3 
10010100010011110110101010000001 3 2 5 2 7 2 3 2 11 
11101110110010000111101001101011 26561 11 5 41 19 1447 19 5 17 
11010011001110011001111101011101 5 2 59 2 5 2 11 2 109 
10100110001111000011110101100101 11801 5 193 11 349 863 5 11 7 
10000110101100011110110100110001 3 2 5 2 7 2 3 2 11 
10001100111000110001000000010011 3 2 3 2 7 2 3 2 3 
11011111011110011011111011011011 3 2 3 2 7 2 3 2 3 
11001101000001011000010010001111 5 2 739 2 67 2 7 2 5741 
10011000010011110000001110001101 3 2 5 2 7 2 3 2 11 
11111000001110001111010111100111 3 2 5 2 5 2 3 2 7 
10011100000110000001110110110001 7 2 11 2 23 2 7 2 149027 
10110010010110100111011101111011 3 2 5 2 5 2 3 2 11 
10001010011001100100011110000101 3 2 5 2 7 2 3 2 11 
10011100011100101100000010100111 17 2086727 3 47 5 3 613 12343 3 
10111000101001000000011001111101 643 131 3 383 5 3 249967 31 3 
11010111111011001110110111011111 881 2 3 2 19 2 12739 2 3 
11100101111110001001011011001101 3623 137 71 23 2517929 11 13 421 31 
10110111100000000100101100110111 3 2 5 2 7 2 3 2 11 
10110010101000011101101010100001 7 13 3 31 5 3 41 5 3 
10000001111111000100110100110101 7 2 367 2 59 2 23 2 17 
11010101010101100110101010010111 25471 2 3 2 859 2 293 2 3 
10111101010011010100111011101101 311 2 239 2 5 2 37 2 383 
11111000111100111110110101001001 3 2 5 2 5 2 3 2 11 
10010000011101101001000000110101 3 5 167 3 71 47 3 67 3467 
11110011000011110000000111100001 59 5 3 7 5 3 5 197 3 
10111011101101110111110110110111 3 2 3 2 7 2 3 2 3 
10101111001010100110011101001101 11 2 3 2 5851 2 23 2 3 
10000111011000000001111111001101 11 2 7 2 61 2 113 2 3733 
11001101000001010101100110110101 3 2 11 2 127 2 3 2 2441 
11010010010011101010111000010011 4591 2 83 2 17 2 31 2 7 
11001011101101100000000011100101 11 23 3 7 5 3 53 23 3 
10100100100110000010001001011111 5 2 17 2 37 2 5 2 13 
10001011010101110010011100100101 3371 2 11 2 1009 2 5 2 6581563 
