Case #1: 1 2 
Case #2: 1 
Case #3: IMPOSSIBLE
Case #4: 1 2 
Case #5: 1 2 3 
Case #6: 2 1023
Case #7: 2 3 4 5 6 7 8 9 10 11 12 302875106592252
Case #8: 2 3 
Case #9: 2 3 4 5 6 7 8 9 10 11 12 13 14 15 16 17 18 19 20 21 22 23 4355
Case #10: 2 3 4 5 6 7 8 9 1677721599999999
Case #11: 505447028499293770
Case #12: 2 3 
Case #13: 15
Case #14: 2 3 96549157373046874
Case #15: 1 2 3 4 5 6 7 8 9 10 11 
Case #16: 2 3 4 5 6 7 8 9 10 11 12 13 14 15 16 17 18 19 20 21 22 23 24 25 26 27 28 29 30 31 32 33 34 35 36 37 38 39 40 312499999
Case #17: 2 3 4 5 6 7 8 9 10 11 12 13 14 15 16 17 18 19 20 21 22 23 24 25 4702525276151520
Case #18: 1 
Case #19: IMPOSSIBLE
Case #20: 1 2 3 4 5 6 7 8 9 10 11 12 13 14 15 16 17 18 19 20 21 22 23 
Case #21: 999999999999999999
Case #22: IMPOSSIBLE
Case #23: 2 15
Case #24: IMPOSSIBLE
Case #25: 13841287200
Case #26: 2 3 4 5 6 7 8 9 10 11 12 13 14 15 16 17 18 19 20 21 4398046511103
Case #27: IMPOSSIBLE
Case #28: 1 
Case #29: 2 3 4 5 6 7 8 9 10 11 12 13 14 15 1023
Case #30: 2 3 4 6560
Case #31: IMPOSSIBLE
Case #32: IMPOSSIBLE
Case #33: 1 2 3 
Case #34: 2 3 4 5 45848500718449030
Case #35: 2 3 4 5 6 7 8 9 10 1330
Case #36: 2 3 4 5 6 7 8 9 10 11 12 13 14 15 16 17 18 19 20 21 22 23 24 25 26 27 28 29 30 31 32 33 34 35 36 37 38 39 40 41 42 43 44 45 46 47 48 49 50 51 52 53 92236815
Case #37: IMPOSSIBLE
Case #38: 288230376151711743
Case #39: IMPOSSIBLE
Case #40: 255
Case #41: 1 2 3 4 5 6 7 8 9 10 11 12 13 14 
Case #42: 2 105413503
Case #43: 2 3 4 5 6 7 8 9 10 11 12 13 14 15 16 17 18 19 20 21 22 23 24 25 26 27 28 29 30 31 32 33 34 999999
Case #44: IMPOSSIBLE
Case #45: 1 2 3 4 5 6 7 8 9 10 11 12 13 14 15 16 17 18 19 20 21 22 23 24 25 26 27 28 29 30 31 32 33 34 35 
Case #46: IMPOSSIBLE
Case #47: 2 3 4 5 6 7 8 9 10 11 12 13 14 15 16 17 18 19 20 21 22 23 24 25 26 27 28 29 30 31 32 33 34 35 36 37 38 39 40 41 42 43 44 45 46 47 48 49 50 51 52 53 54 55 56 57 58 59 60 6634204312890624
Case #48: 2 3 4 5 6 7 8 9 10 11 12 13 14 15 16 17 18 19 62523502208
Case #49: IMPOSSIBLE
Case #50: 857374
Case #51: 1 
Case #52: 2 3 4 5 6 7 8 9 10 11 12 13 14 15 16 17 18 19 20 21 22 23 24 25 26 27 28 29 30 31 32 33 34 35 36 37 38 39 40 41 42 43 44 45 46 47 48 49 9999
Case #53: 2 3 4 5 6 7 8 9 10 11 12 13 14 15 16 17 18 19 20 21 22 23 24 590489999999999
Case #54: 2 3 4 5 6 7 8 9 10 11 12 13 14 15 16 17 18 19 20 21 22 23 24 25 26 24299999
Case #55: 1 
Case #56: 2 3 4 5 6 323
Case #57: 1 2 3 4 5 6 7 8 9 10 11 12 13 14 15 16 17 18 19 20 21 22 23 24 25 26 27 28 29 30 31 32 33 34 35 36 37 38 39 40 41 42 43 44 45 46 47 48 49 50 51 52 53 54 55 56 57 58 59 60 61 62 63 64 65 66 67 68 69 70 71 72 73 74 75 76 77 78 79 80 81 82 83 84 85 86 87 88 89 90 91 92 93 94 95 96 97 98 99 100 
Case #58: 2 3 4 5 6 7 8 9 10 11 12 999999999999999999
Case #59: 2 3 4 5 6 7 8 9 10 11 12 13 14 15 16 17 18 19 20 21 22 23 24 25 26 27 28 29 30 31 32 33 34 25411680
Case #60: IMPOSSIBLE
Case #61: IMPOSSIBLE
Case #62: IMPOSSIBLE
Case #63: 2 63
Case #64: 2 3 4 5 6 7 20661046783
Case #65: 2 3 48
Case #66: 2 3 4 5 6 7 6083
Case #67: 2 3 4 5 6 7 8 9 10 11 12 13 14 15 16 17 18 19 20 21 22 23 24 25 26 27 28 29 30 31 32 33 34 35 36 37 38 39 40 41 42 43 44 45 46 47 48 49 50 51 52 53 54 55 56 57 58 59 60 61 62 63 64 65 66 67 68 69 70 71 72 73 74 7568
Case #68: 1 
Case #69: 2 3 4 5 6 7 8 9 10 11 12 13 11019960575
Case #70: 105413503
Case #71: 2 3 4 5 6 7 8 9 10 11 12 13 14 15 16 17 18 19 20 21 22 23 24 25 26 27 28 29 30 31 32 33 999999
Case #72: 2 3 4 5 6 7 8 9 10 11 12 13 14 15 16 17 18 19 20 21 22 23 24 25 26 27 28 29 29509034655743
Case #73: IMPOSSIBLE
Case #74: 2 99999
Case #75: IMPOSSIBLE
Case #76: 2 3 4 5 6 7 8 9 10 11 12 13 14 15 16 17 18 19 20 21 22 23 24 99999999
Case #77: 1 2 3 4 
Case #78: 99999
Case #79: 1 
Case #80: 63
Case #81: 2 3 360
Case #82: 2 3 4 5 6 4704270175
Case #83: 2 3 4 5 6 7 427929800129788410
Case #84: 2 3 4 5 6 7 8 9 10 1048575
Case #85: 2 3 4 5 483
Case #86: 2 3 4 5 6 7 8 9 10 11 12 13 14 15 16 17 18 19 20 21 22 23 24 25 99999999
Case #87: 2 3 4 5 6 7 8 9 10 11 12 13 14 15 16 17 1088
Case #88: 2 3 4 96549157373046874
Case #89: 2 3 4 5 6 7 8 9 10 11 12 13 14 15 16 17 18 19 20 21 22 23 24 25 26 27 28 29 30 31 32 33 34 35 36 37 38 39 40 41 42 43 44 45 46 47 48 49 50 9999
Case #90: 2 762939453124
Case #91: 2 3 4 99999999999999
Case #92: 34050628916015624
Case #93: 1 
Case #94: IMPOSSIBLE
Case #95: 2 3 4 5 6 7 8 9 10 11 12 13 14 15 16 12230590463
Case #96: 2 3 4 5 6 7 8 9 10 11 999999999999999999
Case #97: 2 3 4 5 6 7 8 3937376385699288
Case #98: 2 3 4 5 6 7 8 9 10 11 12 13 14 15 16 17 18 19 20 21 22 23 24 2535525375
Case #99: 2 3 4 5 6 7 8 9 10 1677721599999999
Case #100: 20661046783
