Case #1: 3 4 6 
Case #2: 3 4 5 
Case #3: 2 22 
Case #4: 15 17 21 22 24 26 29 31 32 34 
Case #5: 4 8 
Case #6: 1 2 3 8 
Case #7: 48 52 60 63 68 74 78 82 88 93 97 98 102 108 112 113 117 121 122 124 
Case #8: 3 7 11 15 
Case #9: 2 6 
Case #10: 36 38 45 48 50 51 53 54 55 58 61 63 64 67 68 70 74 76 78 79 80 82 83 86 87 
Case #11: 53 62 67 69 70 72 75 77 78 80 83 86 88 90 92 95 96 100 101 103 105 107 110 112 114 116 117 119 121 122 126 127 131 133 135 137 139 140 141 143 144 145 148 150 151 153 155 157 158 162 
Case #12: 2 3 6 7 10 13 14 
Case #13: 3 10 17 24 31 38 45 
Case #14: 1 2 3 4 5 6 7 8 9 47 
Case #15: 14 17 20 23 24 26 27 30 31 33 37 38 41 44 46 47 50 51 56 58 61 63 65 66 67 
Case #16: 38 86 133 179 224 268 311 353 394 434 473 511 548 584 619 653 686 718 749 779 808 836 863 889 914 938 961 983 1004 1024 1043 1061 1078 1094 1109 1123 1136 1148 1149 1150 1151 1152 1153 1154 1155 1156 1157 1158 1159 1301 
Case #17: 11 12 13 14 15 16 17 18 19 20 
Case #18: 2 6 9 12 15 17 19 20 21 24 25 26 27 28 32 34 36 39 42 43 45 47 48 50 53 
Case #19: 1 2 3 4 
Case #20: 34 36 44 46 50 54 58 62 63 66 70 73 78 80 84 86 92 93 98 102 107 111 114 118 
Case #21: 2 4 
Case #22: 8 9 10 11 12 13 14 15 16 17 18 19 20 21 22 23 24 25 26 27 28 29 30 31 32 
Case #23: 17 34 59 65 72 78 88 
Case #24: 6 23 26 49 
Case #25: 7 8 9 10 11 12 13 
Case #26: 44 46 50 55 58 64 67 70 71 76 77 81 85 88 89 94 96 98 101 103 106 
Case #27: 2 5 6 8 9 10 12 14 16 17 18 19 21 22 23 26 27 28 29 30 31 33 36 37 39 
Case #28: 2 4 6 7 
Case #29: 9 11 13 16 17 19 20 
Case #30: 6 8 
Case #31: 2 3 4 
Case #32: 28 43 61 66 82 101 109 129 131 142 165 174 198 216 231 242 249 271 291 305 321 336 340 357 371 
Case #33: 5 6 7 8 9 10 11 12 13 14 
Case #34: 1 3 6 9 11 12 14 16 18 20 
Case #35: 9 10 11 12 13 14 15 16 17 18 19 20 21 22 23 24 25 26 27 28 29 30 31 32 33 34 35 36 37 38 39 40 41 42 43 44 45 46 47 48 49 50 51 52 53 54 55 56 57 58 
Case #36: 26 27 28 29 30 31 32 33 34 35 36 37 38 39 40 41 42 43 44 45 46 47 48 49 50 
Case #37: 27 37 42 44 49 51 56 57 60 61 65 68 71 72 73 78 80 82 84 94 97 98 
Case #38: 22 222 
Case #39: 8 9 10 13 
Case #40: 1 2 3 
Case #41: 28 35 38 42 46 48 54 57 62 64 66 69 70 71 74 76 79 82 84 86 89 90 93 96 98 99 102 105 108 110 113 116 118 119 123 126 127 129 131 133 136 137 141 143 146 149 151 154 157 158 
Case #42: 9 13 15 18 21 24 25 26 29 31 33 38 41 
Case #43: 30 40 45 53 57 59 62 67 69 74 76 81 86 92 95 99 104 111 114 115 119 
Case #44: 6 11 15 18 20 21 33 
Case #45: 29 37 41 43 49 51 55 56 62 64 65 68 71 73 74 80 83 85 86 90 94 97 100 
Case #46: 28 51 61 68 71 80 88 108 126 130 
Case #47: 351 352 353 354 355 356 357 358 359 360 361 362 363 364 365 366 367 368 369 370 371 372 373 374 375 376 377 378 379 380 381 382 383 384 385 386 387 388 389 390 391 392 393 394 395 396 397 398 399 400 
Case #48: 10 11 12 17 19 21 22 23 24 25 27 28 29 32 34 35 36 38 40 42 44 46 
Case #49: 301 303 305 307 310 312 314 316 318 319 322 324 325 328 330 332 334 336 337 339 341 343 346 347 349 
Case #50: 658 712 751 782 827 833 842 880 915 957 992 1035 1054 1079 1085 1106 1135 1174 1183 1195 1235 1258 1266 1290 1317 1339 1360 1373 1429 1445 1472 1480 1512 1539 1551 1571 1577 1595 1617 1643 1657 1682 1692 1719 1730 1755 1773 1791 1811 1823 
