50
3
1 2 3
2 3 5
3 5 6
2 3 4
1 2 3
7
6 11 15 18 20 21 32
23 25 26 28 30 33 34
2 7 8 9 10 11 25
5 10 14 17 19 20 31
5 10 14 17 19 20 30
2 7 8 9 10 11 24
1 2 3 4 5 6 23
3 8 12 13 14 15 26
3 8 12 13 14 15 27
4 9 13 16 17 18 28
1 2 3 4 5 6 22
22 24 27 29 31 32 34
4 9 13 16 17 18 29
5
13 14 17 18 21
7 8 11 13 16
10 11 14 17 18
2 4 5 8 10
5 6 11 14 17
4 5 6 11 14
8 11 13 17 18
4 5 8 11 14
2 4 7 10 13
10
81 82 83 84 85 86 87 88 89 90
1 2 3 4 5 6 7 8 9 10
21 22 23 24 25 26 27 28 29 30
9 19 29 39 49 59 69 79 89 99
10 20 30 40 50 60 70 80 90 100
2 12 22 32 42 52 62 72 82 92
31 32 33 34 35 36 37 38 39 40
1 11 21 31 41 51 61 71 81 91
91 92 93 94 95 96 97 98 99 100
11 12 13 14 15 16 17 18 19 20
41 42 43 44 45 46 47 48 49 50
3 13 23 33 43 53 63 73 83 93
5 15 25 35 45 55 65 75 85 95
51 52 53 54 55 56 57 58 59 60
8 18 28 38 48 58 68 78 88 98
71 72 73 74 75 76 77 78 79 80
6 16 26 36 46 56 66 76 86 96
4 14 24 34 44 54 64 74 84 94
61 62 63 64 65 66 67 68 69 70
10
3 4 5 6 7 8 9 10 11 12
7 8 9 10 11 12 13 14 15 16
5 6 7 8 9 10 11 12 13 14
10 11 12 13 14 15 16 17 18 19
4 5 6 7 8 9 10 11 12 13
2 3 4 5 6 7 8 9 10 11
1 2 3 4 5 6 7 8 9 10
5 6 7 8 9 10 11 12 13 14
3 4 5 6 7 8 9 10 11 12
4 5 6 7 8 9 10 11 12 13
2 3 4 5 6 7 8 9 10 11
6 7 8 9 10 11 12 13 14 15
9 10 11 12 13 14 15 16 17 18
10 11 12 13 14 15 16 17 18 19
8 9 10 11 12 13 14 15 16 17
7 8 9 10 11 12 13 14 15 16
8 9 10 11 12 13 14 15 16 17
1 2 3 4 5 6 7 8 9 10
9 10 11 12 13 14 15 16 17 18
8
20 25 30 38 41 50 52 53
3 5 7 11 14 15 18 20
5 10 15 19 22 24 28 32
7 13 16 20 26 31 36 40
18 24 29 36 39 46 50 51
15 23 28 33 36 42 43 47
14 20 23 25 35 38 41 45
14 24 31 32 38 42 46 50
11 19 20 21 25 33 36 38
23 32 40 41 45 47 51 53
6 15 16 20 23 28 29 30
13 22 26 30 35 36 39 41
18 28 36 37 41 43 50 52
5 10 13 17 20 23 24 25
11 17 20 21 30 32 37 41
10
92 111 149 154 169 195 211 233 261 314
134 155 188 201 212 230 234 264 278 322
151 186 196 211 235 254 261 270 278 302
164 206 229 253 273 291 314 320 322 337
99 133 150 152 177 183 195 203 230 241
25 64 83 96 109 133 147 165 186 206
85 109 128 145 150 151 169 191 212 226
59 83 89 105 124 139 149 165 188 192
51 68 105 140 145 152 169 176 211 253
106 147 160 169 192 201 211 223 234 248
23 25 39 51 54 70 92 113 134 152
130 165 168 176 200 204 233 258 264 283
152 177 192 213 226 241 248 283 302 337
47 64 67 68 80 94 111 123 155 177
39 67 89 120 128 150 160 168 196 229
23 47 59 74 85 99 106 130 151 164
54 80 124 143 150 177 192 200 235 273
74 96 120 140 143 145 154 174 201 213
70 94 139 145 151 183 201 204 254 291
7
8 9 12 14 16 18 20
6 8 11 12 14 15 17
4 6 9 11 13 14 16
1 3 4 6 7 9 10
2 5 7 8 9 11 13
10 13 16 19 20 21 23
9 11 14 17 18 19 20
1 2 4 6 8 9 11
9 11 14 15 18 19 21
3 5 6 7 9 11 12
7 9 13 15 16 18 19
6 7 11 12 15 17 19
4 7 9 11 12 14 15
7
5 12 19 26 33 40 47
29 30 31 32 33 34 35
3 10 17 24 31 38 45
43 44 45 46 47 48 49
6 13 20 27 34 41 48
2 9 16 23 30 37 44
4 11 18 25 32 39 46
36 37 38 39 40 41 42
15 16 17 18 19 20 21
1 8 15 22 29 36 43
1 2 3 4 5 6 7
22 23 24 25 26 27 28
8 9 10 11 12 13 14
3
1 2 3
3 4 5
2 3 4
3 4 5
1 2 3
4
6 7 9 12
1 3 6 8
1 3 4 6
6 7 12 13
4 5 9 11
8 9 11 13
3 4 5 7
4
5 8 9 10
2 4 6 7
2 4 6 8
4 6 8 9
1 2 4 5
1 2 4 6
4 6 8 9
2
2 22
22 222
22 222
3
2 3 4
3 4 5
2 3 4
3 4 5
1 2 3
4
5 8 10 12
7 9 11 14
4 6 8 10
3 6 8 9
2 4 5 7
5 8 10 11
7 10 12 14
7
18 19 32 33 36 40 44
5 11 17 20 24 25 26
24 31 36 38 44 49 54
3 7 12 14 16 19 21
14 20 27 30 33 35 38
21 26 36 41 44 49 54
12 17 22 27 32 33 36
19 25 31 36 40 43 49
15 16 27 30 33 36 41
7 11 14 16 19 28 31
16 24 28 33 36 39 44
10 14 22 27 28 31 36
23 28 33 35 39 43 49
4
1 2 3 4
2 3 4 5
3 4 5 6
2 3 4 5
4 5 6 7
4 5 6 7
1 2 3 4
7
3 6 8 9 10 11 13
11 17 20 24 26 28 29
5 7 10 13 16 17 20
9 13 16 19 21 23 25
8 10 11 13 16 19 22
12 13 16 21 22 26 28
10 11 13 19 21 24 27
13 20 22 27 28 31 33
8 10 11 16 19 20 22
10 16 19 21 22 24 28
3 5 8 10 12 15 18
18 21 22 25 28 29 33
6 7 10 11 13 18 21
3
3 4 5
1 2 3
1 2 3
2 3 4
2 3 4
2
6 8
4 8
2 6
8
13 14 18 20 21 22 24 25
8 10 13 14 17 18 19 22
4 6 8 9 11 14 16 18
1 3 4 6 7 8 9 11
4 6 8 10 12 13 15 16
3 4 6 7 8 10 11 12
1 3 4 6 7 9 11 13
11 13 16 17 18 19 22 24
9 12 14 16 17 18 21 22
6 7 10 12 14 16 17 20
6 8 9 12 13 14 16 17
7 8 12 13 16 17 18 21
11 12 16 17 21 22 24 25
3 4 6 8 10 12 13 14
7 10 11 14 16 17 19 21
9
2 3 4 6 7 9 11 13 14
3 5 7 9 10 12 13 14 16
14 16 18 22 24 26 28 30 31
14 17 20 21 23 26 27 28 31
2 3 5 7 9 11 12 13 14
13 16 18 20 22 24 25 26 30
13 14 15 20 22 23 24 26 28
9 10 13 14 15 18 20 22 24
7 8 11 13 14 16 18 20 22
7 10 12 14 15 17 19 22 23
5 6 9 10 12 13 14 15 18
11 13 14 18 20 21 22 25 27
4 7 9 11 13 15 16 18 20
3 5 6 8 10 12 14 16 17
11 12 15 16 17 19 21 23 26
6 9 10 13 14 16 17 20 21
9 12 13 16 18 19 20 24 26
2
2 6
6 8
2 4
10
5 8 11 12 14 17 19 20 21 23
4 6 9 11 12 14 16 18 20 22
8 14 17 21 23 25 26 30 37 40
19 25 28 31 34 37 39 40 43 44
3 9 11 13 15 18 21 23 28 31
11 18 20 26 29 31 34 35 40 46
13 16 18 20 21 25 26 31 33 36
17 22 23 26 27 30 33 35 38 40
15 19 21 24 25 26 27 34 35 37
20 28 31 33 37 40 43 46 49 52
1 2 3 6 7 8 10 11 14 16
16 22 23 30 32 36 37 40 44 52
8 10 13 15 18 21 23 26 28 30
14 20 21 28 30 33 35 38 43 49
2 6 8 10 14 16 19 22 25 28
6 11 12 15 18 20 24 26 31 33
1 4 5 8 11 13 15 17 19 20
11 14 15 18 20 23 24 29 30 32
10 16 19 23 24 26 27 33 39 43
5
11 17 19 20 21
8 9 11 15 19
5 10 11 13 18
1 4 5 9 11
10 12 13 18 20
4 7 9 12 15
9 14 15 18 20
14 15 18 20 21
1 4 8 10 14
4
38 54 63 98
61 77 98 100
17 19 38 56
37 56 63 68
17 25 37 61
19 28 56 77
56 58 68 100
3
6 10 13
7 13 15
8 11 15
2 3 7
3 10 11
4
2 4 5 10
7 9 11 13
1 2 3 8
2 4 5 9
8 10 12 13
3 5 6 12
1 2 3 7
3
1 6 10
4 8 11
6 9 13
1 4 6
6 8 9
2
2 4
2 6
4 8
8
4 8 10 12 13 15 16 17
3 6 7 8 10 13 15 16
9 10 13 16 18 20 22 24
10 14 18 21 24 26 28 29
4 6 8 9 10 12 13 14
5 9 11 14 16 17 18 20
7 8 12 14 16 18 19 21
6 10 12 16 18 19 21 23
2 4 5 7 9 11 12 14
8 13 16 19 22 23 25 26
11 13 15 17 19 22 23 26
5 7 10 11 12 14 16 18
7 12 14 18 20 22 23 25
2 3 4 5 6 7 8 10
14 16 17 20 23 25 26 29
2
4 8
6 8
2 4
9
25 33 38 39 48 52 57 60 62
6 10 12 19 23 28 31 33 37
5 9 11 16 17 18 23 25 30
17 23 24 30 31 36 37 39 46
5 6 9 11 12 14 16 18 21
18 28 29 32 34 40 42 43 51
12 22 26 29 31 34 43 48 53
9 10 13 18 22 24 27 30 32
11 12 16 23 26 27 32 37 40
23 31 36 38 43 47 51 54 55
9 13 16 20 24 29 36 38 43
11 18 23 26 30 32 38 39 47
16 19 20 26 29 30 33 38 41
18 30 37 38 39 43 54 60 67
14 24 27 30 36 40 47 52 54
16 27 32 33 37 42 51 57 62
30 37 43 47 53 54 62 67 68
9
5 6 7 9 13 15 18 21 24
6 7 13 15 16 19 20 23 24
16 21 22 25 27 30 33 38 41
8 13 15 16 18 22 24 25 26
4 6 10 13 14 17 19 21 23
16 21 23 26 28 32 35 38 39
13 19 20 25 26 29 32 33 34
2 4 6 8 11 12 15 16 17
11 13 17 18 21 23 26 28 30
17 24 25 26 30 33 34 39 42
17 23 24 29 30 35 37 41 42
15 18 21 24 25 27 32 35 37
12 15 19 22 23 25 29 32 35
10 14 16 17 21 23 25 27 30
2 5 7 8 10 12 13 16 17
8 9 14 16 17 22 25 26 29
12 17 19 22 23 25 27 30 33
6
5 8 10 11 13 14
5 8 10 12 14 16
7 9 12 13 14 16
4 6 8 9 10 12
3 6 8 9 10 12
2 4 5 7 9 11
11 12 16 17 18 20
6 9 11 13 15 17
8 12 14 16 19 20
2 3 5 6 7 8
9 10 14 15 17 19
7
9 11 18 19 23 25 28
1 3 4 5 8 11 12
11 12 20 23 26 28 30
1 3 4 6 9 11 13
11 14 16 22 25 28 30
3 6 9 11 12 14 16
4 9 12 15 18 20 21
4 7 12 14 15 16 18
12 16 18 23 28 30 33
8 12 15 20 23 26 28
5 11 14 18 19 23 24
6 9 15 18 20 22 23
13 14 21 24 28 30 33
10
8 16 23 29 34 38 41 43 44 61
4 12 19 25 26 27 28 29 30 53
1 2 3 4 5 6 7 8 9 47
2 10 11 12 13 14 15 16 17 49
1 2 3 4 5 6 7 8 9 46
8 16 23 29 34 38 41 43 44 60
7 15 22 28 33 37 40 41 42 58
46 49 50 53 55 57 58 60 63 64
7 15 22 28 33 37 40 41 42 59
5 13 20 26 31 32 33 34 35 55
3 11 18 19 20 21 22 23 24 51
6 14 21 27 32 36 37 38 39 56
6 14 21 27 32 36 37 38 39 57
47 48 51 52 54 56 59 61 62 64
5 13 20 26 31 32 33 34 35 54
3 11 18 19 20 21 22 23 24 50
4 12 19 25 26 27 28 29 30 52
9 17 24 30 35 39 42 44 45 63
9 17 24 30 35 39 42 44 45 62
7
67 79 82 121 145 147 171
90 115 125 132 147 185 194
75 98 121 122 145 168 174
54 76 85 105 121 125 129
24 37 48 53 67 78 87
24 27 43 54 75 90 111
43 61 65 78 82 96 119
27 43 60 72 79 85 98
87 98 119 129 174 194 212
111 140 146 167 171 196 212
37 43 61 76 98 115 140
48 60 65 85 121 125 146
78 85 96 125 168 185 196
4
1 5 9 13
4 8 12 16
5 6 7 8
1 2 3 4
3 7 11 15
13 14 15 16
9 10 11 12
2
2 22
2 22
22 222
6
12 19 24 26 30 33
2 5 9 14 15 16
16 23 28 33 38 42
20 28 30 35 38 42
9 14 16 18 24 28
15 24 28 33 37 38
14 16 18 26 33 35
5 9 14 19 24 28
9 13 16 24 28 30
7 9 13 16 21 23
2 7 9 12 15 20
10
8 10 12 15 17 18 19 20 21 22
12 15 17 19 20 23 24 25 26 30
10 12 13 16 18 19 21 23 24 26
10 13 15 18 19 21 22 24 25 28
7 9 11 13 15 16 18 19 20 21
4 5 6 8 9 11 13 15 16 17
12 16 17 20 22 23 24 25 26 29
8 11 13 16 18 19 21 23 24 27
7 9 11 15 17 18 20 22 23 26
6 8 10 13 15 16 18 20 22 24
3 5 6 9 10 12 14 16 17 19
2 4 5 7 8 10 11 12 14 15
15 19 21 24 26 27 28 30 32 34
14 17 20 21 22 26 28 29 31 34
11 14 15 18 20 21 22 24 25 28
13 16 18 20 21 24 25 26 27 32
4 6 7 11 12 13 15 17 19 21
14 17 19 22 23 24 25 26 27 31
5 6 7 10 11 13 15 17 18 20
3
6 10 15
6 11 15
5 8 11
1 5 6
1 5 6
7
18 23 28 32 36 40 41
1 6 9 14 18 23 26
1 4 7 11 13 14 15
15 23 29 32 41 47 52
9 12 15 17 20 24 29
4 8 12 19 23 27 28
13 18 20 25 36 41 46
6 8 9 12 18 21 23
11 12 17 23 32 33 38
23 27 32 33 41 44 47
14 21 24 27 40 44 48
14 19 22 23 25 27 32
7 9 15 22 28 32 34
7
2 3 4 5 6 7 8
6 7 8 9 10 11 12
5 6 7 8 9 10 11
1 2 3 4 5 6 7
3 4 5 6 7 8 9
5 6 7 8 9 10 11
2 3 4 5 6 7 8
7 8 9 10 11 12 13
6 7 8 9 10 11 12
7 8 9 10 11 12 13
3 4 5 6 7 8 9
1 2 3 4 5 6 7
4 5 6 7 8 9 10
9
10 16 19 24 25 32 37 40 43
6 7 13 15 18 22 25 27 28
15 18 19 23 25 29 30 32 33
17 22 26 30 32 34 36 39 41
19 25 31 32 33 41 49 53 54
2 6 10 13 15 17 19 22 26
2 6 7 9 10 12 14 17 19
26 28 36 42 43 47 49 53 54
13 15 18 21 24 25 27 28 32
12 19 20 25 29 34 41 45 47
7 11 14 18 19 26 29 33 36
6 7 11 15 16 19 22 23 25
9 15 18 21 23 30 34 38 42
14 22 26 27 30 36 43 46 49
17 23 27 28 32 39 46 47 53
10 13 14 18 19 20 26 27 31
19 25 29 34 37 41 43 46 49
4
2 4 6 7
10 13 15 17
6 7 11 13
4 7 11 13
2 6 8 10
8 11 14 15
6 11 14 15
6
13 14 23 27 32 34
13 14 17 22 23 27
3 8 12 14 16 20
6 9 16 17 21 22
15 16 21 26 30 32
10 13 22 23 30 33
2 6 9 13 15 17
8 12 20 22 26 29
2 3 6 8 10 13
6 8 9 12 13 14
17 20 22 29 33 34
5
9 12 14 17 18
10 13 17 20 23
6 10 14 18 21
4 8 12 13 15
13 14 18 24 27
13 15 21 23 27
3 4 6 10 13
12 13 18 20 24
3 6 9 12 13
7
6 8 12 13 15 17 19
5 7 9 10 12 13 14
7 9 10 11 13 15 17
8 11 14 17 19 20 22
1 3 5 7 9 11 12
11 13 14 15 17 19 20
5 7 10 11 12 15 17
7 9 13 15 16 19 20
4 5 9 10 11 14 16
9 10 11 12 15 16 19
12 14 16 17 19 20 22
3 4 5 7 8 9 11
2 4 7 9 10 13 14
